% Filter Coefficients (Cosine Shape)
% Number of Taps: 64
% Filter Order: 63
% Decimation Ratio (I): 4
% Sampling Freq: 125.00
% Normalized BW Edge: 0.048000
% Edge Boost: 6.0 dB

2.106273609143106e-03
3.797399126507404e-04
-2.020073306021478e-03
-4.994840646020822e-03
-8.578378925741363e-03
-1.258295297486135e-02
-1.696357016200933e-02
-2.144295518956161e-02
-2.590906877896881e-02
-3.001475497062802e-02
-3.361281063247505e-02
-3.632398882771860e-02
-3.801404297569826e-02
-3.832112368544423e-02
-3.718009635384180e-02
-3.429746045115271e-02
-2.973045432310557e-02
-2.329427928703332e-02
-1.520774301353874e-02
-5.413148333547728e-03
5.692520405474988e-03
1.805167615480295e-02
3.109826142206125e-02
4.470525523292090e-02
5.816764178641307e-02
7.136918248161570e-02
8.350129926583541e-02
9.457681820712061e-02
1.036857058637172e-01
1.111675603444680e-01
1.158225326055850e-01
1.192150939917359e-01
1.192150939917359e-01
1.158225326055850e-01
1.111675603444680e-01
1.036857058637172e-01
9.457681820712063e-02
8.350129926583542e-02
7.136918248161571e-02
5.816764178641308e-02
4.470525523292092e-02
3.109826142206126e-02
1.805167615480296e-02
5.692520405475000e-03
-5.413148333547713e-03
-1.520774301353873e-02
-2.329427928703331e-02
-2.973045432310557e-02
-3.429746045115271e-02
-3.718009635384180e-02
-3.832112368544422e-02
-3.801404297569826e-02
-3.632398882771860e-02
-3.361281063247506e-02
-3.001475497062802e-02
-2.590906877896881e-02
-2.144295518956161e-02
-1.696357016200934e-02
-1.258295297486135e-02
-8.578378925741370e-03
-4.994840646020829e-03
-2.020073306021484e-03
3.797399126507365e-04
2.106273609143103e-03
