% Filter Coefficients (Cosine Shape)
% Number of Taps: 64
% Filter Order: 63
% Decimation Ratio (I): 4
% Bandwidth Edge: 0.0480
% Edge Boost: 10.0 dB

-2.874347538794418e-02
-2.859622838709063e-02
-2.842946640518558e-02
-2.818460503221888e-02
-2.796120466409077e-02
-2.766180923955933e-02
-2.735356855848276e-02
-2.688943178731392e-02
-2.630093063417749e-02
-2.539234262134887e-02
-2.416977393503451e-02
-2.240294684279460e-02
-2.009608537312068e-02
-1.700949678646372e-02
-1.317868724451563e-02
-8.384934417720240e-03
-2.731102737767738e-03
3.953212178708684e-03
1.146681287876436e-02
1.991643937496800e-02
2.898368877612751e-02
3.871595862702985e-02
4.867433644846837e-02
5.887593768265054e-02
6.877099804454101e-02
7.840330903538600e-02
8.712256886278039e-02
9.509166796509436e-02
1.015363068917597e-01
1.069119578958326e-01
1.101100698107946e-01
1.127581222771931e-01
1.127581222771931e-01
1.101100698107946e-01
1.069119578958326e-01
1.015363068917597e-01
9.509166796509436e-02
8.712256886278040e-02
7.840330903538603e-02
6.877099804454101e-02
5.887593768265054e-02
4.867433644846839e-02
3.871595862702987e-02
2.898368877612752e-02
1.991643937496801e-02
1.146681287876437e-02
3.953212178708691e-03
-2.731102737767732e-03
-8.384934417720234e-03
-1.317868724451563e-02
-1.700949678646372e-02
-2.009608537312068e-02
-2.240294684279460e-02
-2.416977393503451e-02
-2.539234262134886e-02
-2.630093063417748e-02
-2.688943178731392e-02
-2.735356855848276e-02
-2.766180923955933e-02
-2.796120466409077e-02
-2.818460503221888e-02
-2.842946640518559e-02
-2.859622838709063e-02
-2.874347538794418e-02
