% Generic LPF Coefficients
% Decimation Ratio (I): 4
% Number of Taps: 64
% Filter Order: 63
% 3dB Cutoff Freq: 0.1500
% ---------------------------------
6.133843031739398e-04
8.332292560169899e-04
9.330299437433773e-04
8.511379895845931e-04
5.132455923622066e-04
-1.279091939220907e-04
-1.040837696399886e-03
-2.073889037270391e-03
-2.948276913639084e-03
-3.302137343280482e-03
-2.786462638003293e-03
-1.194101719032382e-03
1.414278344503089e-03
4.631918214229182e-03
7.715389449771764e-03
9.703104916802379e-03
9.635232697893981e-03
6.835074133380372e-03
1.185756402548777e-03
-6.675446811528995e-03
-1.531430597527282e-02
-2.264856295033962e-02
-2.628497143725436e-02
-2.399219126901991e-02
-1.421630201466046e-02
3.476099055997398e-03
2.813749247119101e-02
5.743970469541040e-02
8.795906580285674e-02
1.157073879343263e-01
1.368118727355843e-01
1.482089910602469e-01
1.482089910602469e-01
1.368118727355843e-01
1.157073879343263e-01
8.795906580285674e-02
5.743970469541040e-02
2.813749247119101e-02
3.476099055997398e-03
-1.421630201466046e-02
-2.399219126901991e-02
-2.628497143725436e-02
-2.264856295033962e-02
-1.531430597527282e-02
-6.675446811528995e-03
1.185756402548777e-03
6.835074133380372e-03
9.635232697893981e-03
9.703104916802379e-03
7.715389449771764e-03
4.631918214229182e-03
1.414278344503089e-03
-1.194101719032382e-03
-2.786462638003293e-03
-3.302137343280482e-03
-2.948276913639084e-03
-2.073889037270391e-03
-1.040837696399886e-03
-1.279091939220907e-04
5.132455923622066e-04
8.511379895845931e-04
9.330299437433773e-04
8.332292560169899e-04
6.133843031739398e-04
